Kernel size: 5 Sigma size: 3
0.178203, 0.210522, 0.222549, 0.210522, 0.178203  

Kernel size: 3 Sigma size: 5
0.331104, 0.337793, 0.331104  

Kernel size: 3 Sigma size: 1
0.274069, 0.451863, 0.274069  

Kernel size: 5 Sigma size: 2
0.152469, 0.221841, 0.251379, 0.221841, 0.152469  

Kernel size: 9 Sigma size: 5
0.091576, 0.105337, 0.116416, 0.123615, 0.126112, 0.123615, 0.116416, 0.105337, 0.091576  

Kernel size: 9 Sigma size: 7
0.100840, 0.108306, 0.113975, 0.117518, 0.118723, 0.117518, 0.113975, 0.108306, 0.100840  

Kernel size: 15 Sigma size: 11
0.058677, 0.061915, 0.064794, 0.067249, 0.069223, 0.070668, 0.071550, 0.071846, 0.071550, 0.070668, 0.069223, 0.067249, 0.064794, 0.061915, 0.058677   

Kernel size: 31 Sigma size: 25
0.028679, 0.029352, 0.029993, 0.030599, 0.031167, 0.031695, 0.032180, 0.032621, 0.033015, 0.033360, 0.033655, 0.033898, 0.034088, 0.034225, 0.034307, 0.034335, 0.034307, 0.034225, 0.034088, 0.033898, 0.033655, 0.033360, 0.033015, 0.032621, 0.032180, 0.031695, 0.031167, 0.030599, 0.029993, 0.029352, 0.028679  

